Cas de 1exemple(s)
Benchmarks : [14, 9, 16, 15, 7, 12, 10, 3, 8, 6, 1, 13, 5, 11, 4, 2]
Nombre de Programmes, : [469627, 469627, 14437, 31, 49, 2055533, 181, 101, 1500229, 95547, 6481, 779077, 2089549, 469627, 10297, 27397]
Nombre de faux programmes[1770, 1770, 14211, 10, 48, 1730632, 60, 100, 1241211, 0, 6480, 4676, 2089548, 1770, 10296, 9096]
Nombre de bons Programmes : [467857, 467857, 226, 21, 1, 324901, 121, 1, 259018, 95547, 1, 774401, 1, 467857, 1, 18301]
Taux de faux programmes[0.3768948548528939, 0.3768948548528939, 98.43457782087691, 32.25806451612903, 97.95918367346938, 84.19383196475076, 33.14917127071823, 99.00990099009901, 82.73476915857513, 0.0, 99.98457028236383, 0.6001974130926725, 99.99995214278297, 0.3768948548528939, 99.99028843352433, 33.20071540679636]
Taux de faux programmes[99.62310514514711, 99.62310514514711, 1.5654221791230865, 67.74193548387096, 2.0408163265306123, 15.806168035249252, 66.85082872928176, 0.9900990099009901, 17.265230841424874, 100.0, 0.015429717636167257, 99.39980258690733, 4.785721703582926e-05, 99.62310514514711, 0.009711566475672525, 66.79928459320364]
***
Cas de 2exemple(s)
Benchmarks : [14, 9, 16, 15, 7, 12, 10, 3, 8, 6, 1, 13, 5, 11, 4, 2]
Nombre de Programmes, : [467857, 467857, 258, 25, 5, 324901, 25, 4, 259018, 95547, 1, 774401, 4097, 467857, 1, 18301]
Nombre de faux programmes[0, 0, 32, 4, 4, 0, 0, 3, 0, 0, 0, 0, 4096, 0, 0, 0]
Nombre de bons Programmes : [467857, 467857, 226, 21, 1, 324901, 25, 1, 259018, 95547, 1, 774401, 1, 467857, 1, 18301]
Taux de faux programmes[0.0, 0.0, 12.4031007751938, 16.0, 80.0, 0.0, 0.0, 75.0, 0.0, 0.0, 0.0, 0.0, 99.97559189650964, 0.0, 0.0, 0.0]
Taux de faux programmes[100.0, 100.0, 87.59689922480621, 84.0, 20.0, 100.0, 100.0, 25.0, 100.0, 100.0, 100.0, 100.0, 0.0244081034903588, 100.0, 100.0, 100.0]
***
Cas de 3exemple(s)
Benchmarks : [14, 9, 16, 15, 7, 12, 10, 3, 8, 6, 1, 13, 5, 11, 4, 2]
Nombre de Programmes, : [467857, 467857, 227, 25, 2, 324901, 25, 1, 259018, 95547, 1, 774401, 4097, 467857, 1, 18301]
Nombre de faux programmes[0, 0, 1, 4, 1, 0, 0, 0, 0, 0, 0, 0, 4096, 0, 0, 0]
Nombre de bons Programmes : [467857, 467857, 226, 21, 1, 324901, 25, 1, 259018, 95547, 1, 774401, 1, 467857, 1, 18301]
Taux de faux programmes[0.0, 0.0, 0.4405286343612335, 16.0, 50.0, 0.0, 0.0, 0.0, 0.0, 0.0, 0.0, 0.0, 99.97559189650964, 0.0, 0.0, 0.0]
Taux de faux programmes[100.0, 100.0, 99.55947136563876, 84.0, 50.0, 100.0, 100.0, 100.0, 100.0, 100.0, 100.0, 100.0, 0.0244081034903588, 100.0, 100.0, 100.0]
***
Cas de 4exemple(s)
Benchmarks : [14, 9, 16, 15, 7, 12, 10, 3, 8, 6, 1, 13, 5, 11, 4, 2]
Nombre de Programmes, : [467857, 467857, 227, 21, 1, 324901, 25, 1, 259018, 95547, 1, 774401, 1, 467857, 1, 3661]
Nombre de faux programmes[0, 0, 1, 0, 0, 0, 0, 0, 0, 0, 0, 0, 0, 0, 0, 0]
Nombre de bons Programmes : [467857, 467857, 226, 21, 1, 324901, 25, 1, 259018, 95547, 1, 774401, 1, 467857, 1, 3661]
Taux de faux programmes[0.0, 0.0, 0.4405286343612335, 0.0, 0.0, 0.0, 0.0, 0.0, 0.0, 0.0, 0.0, 0.0, 0.0, 0.0, 0.0, 0.0]
Taux de faux programmes[100.0, 100.0, 99.55947136563876, 100.0, 100.0, 100.0, 100.0, 100.0, 100.0, 100.0, 100.0, 100.0, 100.0, 100.0, 100.0, 100.0]
***
