Cas de 1exemple(s)
Benchmarks : [14, 9, 16, 15, 7, 12, 10, 3, 8, 6, 1, 13, 5, 11, 4, 2]
Nombre de Programmes, : [4225, 4225, 16, 5, 25, 125, 5, 25, 12, 1369, 5, 19897, 17, 4225, 45, 21]
Nombre de faux programmes[0, 0, 15, 0, 21, 105, 0, 21, 0, 0, 3, 0, 16, 0, 37, 0]
Nombre de bons Programmes : [4225, 4225, 1, 5, 4, 20, 5, 4, 12, 1369, 2, 19897, 1, 4225, 8, 21]
Taux de faux programmes[0.0, 0.0, 93.75, 0.0, 84.0, 84.0, 0.0, 84.0, 0.0, 0.0, 60.0, 0.0, 94.11764705882352, 0.0, 82.22222222222221, 0.0]
Taux de faux programmes[100.0, 100.0, 6.25, 100.0, 16.0, 16.0, 100.0, 16.0, 100.0, 100.0, 40.0, 100.0, 5.88235294117647, 100.0, 17.77777777777778, 100.0]
***
Cas de 2exemple(s)
Benchmarks : [14, 9, 16, 15, 7, 12, 10, 3, 8, 6, 1, 13, 5, 11, 4, 2]
Nombre de Programmes, : [4225, 4225, 1, 5, 10, 20, 5, 10, 12, 1369, 2, 19897, 1, 4225, 2, 21]
Nombre de faux programmes[0, 0, 0, 0, 6, 0, 0, 6, 0, 0, 0, 0, 0, 0, 0, 0]
Nombre de bons Programmes : [4225, 4225, 1, 5, 4, 20, 5, 4, 12, 1369, 2, 19897, 1, 4225, 2, 21]
Taux de faux programmes[0.0, 0.0, 0.0, 0.0, 60.0, 0.0, 0.0, 60.0, 0.0, 0.0, 0.0, 0.0, 0.0, 0.0, 0.0, 0.0]
Taux de faux programmes[100.0, 100.0, 100.0, 100.0, 40.0, 100.0, 100.0, 40.0, 100.0, 100.0, 100.0, 100.0, 100.0, 100.0, 100.0, 100.0]
***
Cas de 3exemple(s)
Benchmarks : [14, 9, 16, 15, 7, 12, 10, 3, 8, 6, 1, 13, 5, 11, 4, 2]
Nombre de Programmes, : [4225, 4225, 1, 5, 4, 20, 5, 4, 12, 1369, 2, 19897, 1, 4225, 2, 21]
Nombre de faux programmes[0, 0, 0, 0, 0, 0, 0, 0, 0, 0, 0, 0, 0, 0, 0, 0]
Nombre de bons Programmes : [4225, 4225, 1, 5, 4, 20, 5, 4, 12, 1369, 2, 19897, 1, 4225, 2, 21]
Taux de faux programmes[0.0, 0.0, 0.0, 0.0, 0.0, 0.0, 0.0, 0.0, 0.0, 0.0, 0.0, 0.0, 0.0, 0.0, 0.0, 0.0]
Taux de faux programmes[100.0, 100.0, 100.0, 100.0, 100.0, 100.0, 100.0, 100.0, 100.0, 100.0, 100.0, 100.0, 100.0, 100.0, 100.0, 100.0]
***
Cas de 4exemple(s)
Benchmarks : [14, 9, 16, 15, 7, 12, 10, 3, 8, 6, 1, 13, 5, 11, 4, 2]
Nombre de Programmes, : [4225, 4225, 1, 5, 4, 20, 5, 4, 12, 1369, 2, 17170, 1, 4225, 2, 21]
Nombre de faux programmes[0, 0, 0, 0, 0, 0, 0, 0, 0, 0, 0, 0, 0, 0, 0, 0]
Nombre de bons Programmes : [4225, 4225, 1, 5, 4, 20, 5, 4, 12, 1369, 2, 17170, 1, 4225, 2, 21]
Taux de faux programmes[0.0, 0.0, 0.0, 0.0, 0.0, 0.0, 0.0, 0.0, 0.0, 0.0, 0.0, 0.0, 0.0, 0.0, 0.0, 0.0]
Taux de faux programmes[100.0, 100.0, 100.0, 100.0, 100.0, 100.0, 100.0, 100.0, 100.0, 100.0, 100.0, 100.0, 100.0, 100.0, 100.0, 100.0]
***
